win/draw/lose
total_score:[172, 1, 1297]
current_winrate:11.700680272108844%
this_score:[1, 0, 9]
avg_per_step:[-243.90243902439025, -24.215616973327826, -466.56799021816073, -48.64695305000325, -748.1696352744239, -103.99039356728944, -1042.8530237486873, -1286.7554627730776, -87.2263666544983, -1543.7880494121575]
this_avg:-6329
best_avg:-3073
actions_counter:[     0      0      0      0 472929      0      0      0      0]
['right', 'left', 'up', 'down', 'bomb', 'detonate-1', 'detonate-2', 'detonate-3', 'noop']