a2c_cnn_4_simple_reward_faster_learning
win/draw/lose
total_score:[28, 1, 61]
current_winrate:31.11111111111111%
this_score:[3, 0, 7]
avg_per_step:[0.010416666666666666, 0.0, 0.02040816326530612, 0.0, -0.043478260869565216, -0.03333333333333333, -0.027522935779816515, -0.02040816326530612, -0.05454545454545454, -0.03333333333333333]
this_avg:0
best_avg:0
actions_counter:[  34   41 6160 6329    0    0    0    0    0]
['right', 'left', 'up', 'down', 'bomb', 'detonate-1', 'detonate-2', 'detonate-3', 'noop']