a2c_cnn_4_simple_reward_faster_learning
win/draw/lose
total_score:[29, 0, 41]
current_winrate:41.42857142857143%
this_score:[3, 0, 7]
avg_per_step:[0.006493506493506494, 0.011904761904761904, 0.0125, 0.0, -0.00641025641025641, -0.03125, -0.09375, -0.08888888888888889, -0.05172413793103448, -0.021739130434782608]
this_avg:0
best_avg:0
actions_counter:[   0   46 5589 5316    0    0    0    0    0]
['right', 'left', 'up', 'down', 'bomb', 'detonate-1', 'detonate-2', 'detonate-3', 'noop']