a2c_cnn_4_slow_learner_v1
win/draw/lose
total_score:[1, 3, 6]
current_winrate:10.0%
this_score:[1, 3, 6]
avg_per_step:[0.0, 0.0, -14.463217408454408, -4.785605433374295, -95.88143690913662, -42.08271336692656, -29.04753255346174, -25.570133135473625, -341.85964749567125, -41.69812431064475]
this_avg:-2747
best_avg:-2747
actions_counter:[    0     0     0     0     4     0     0     0 12075]
['right', 'left', 'up', 'down', 'bomb', 'detonate-1', 'detonate-2', 'detonate-3', 'noop']