win/draw/lose
total_score:[217, 0, 343]
current_winrate:38.75%
this_score:[5, 0, 5]
avg_per_step:[-0.9416115253250699, 4.605857578246744, 6.808907212667714, 4.4697378666210925, 3.2316729584189026, 12.628553976948728, 15.11812219146654, 11.802520957251181, 15.77685044879637, 9.93983904611431]
this_avg:714
best_avg:1183
actions_counter:[     0      0      0      0      1      0      0      1 802675]
['right', 'left', 'up', 'down', 'bomb', 'detonate-1', 'detonate-2', 'detonate-3', 'noop']