ppo_cnn_4_simple_reward_faster_learning
win/draw/lose
total_score:[28, 0, 42]
current_winrate:40.0%
this_score:[3, 0, 7]
avg_per_step:[0.009345794392523364, 0.0, -0.015151515151515152, -0.03636363636363636, -0.019867549668874173, -0.10256410256410256, -0.022058823529411766, -0.07017543859649122, -0.05084745762711865, -0.025806451612903226]
this_avg:0
best_avg:0
actions_counter:[6596 6784   19   17    0    0    0    0    0]
['right', 'left', 'up', 'down', 'bomb', 'detonate-1', 'detonate-2', 'detonate-3', 'noop']