ppo_cnn_3_simple_reward_faster_learning
win/draw/lose
total_score:[39, 0, 51]
current_winrate:43.333333333333336%
this_score:[7, 0, 3]
avg_per_step:[-0.010752688172043012, -0.023529411764705882, -0.02912621359223301, -0.02666666666666667, -0.010752688172043012, 0.0, 0.0196078431372549, 0.0196078431372549, 0.022222222222222223, 0.042105263157894736]
this_avg:0
best_avg:0
actions_counter:[8090 8476   26    7    0   40   27    9   42]
['right', 'left', 'up', 'down', 'bomb', 'detonate-1', 'detonate-2', 'detonate-3', 'noop']