ppo_cnn_3_slow_learner_v1
win/draw/lose
total_score:[2, 0, 8]
current_winrate:20.0%
this_score:[2, 0, 8]
avg_per_step:[-80.64516129032258, -23.614266596122125, -50.46064478939673, -246.72394764902924, -125.25891108838555, -68.88089536440755, -106.25107398532548, -301.630858179335, -144.42815972126806, -101.9632820682101]
this_avg:-4761
best_avg:-4761
actions_counter:[1555 1745 1102 1358   30   85  104  144  970]
['right', 'left', 'up', 'down', 'bomb', 'detonate-1', 'detonate-2', 'detonate-3', 'noop']