a2c_cnn_3_simple_reward_faster_learning
win/draw/lose
total_score:[26, 0, 44]
current_winrate:37.142857142857146%
this_score:[3, 0, 7]
avg_per_step:[-0.022222222222222223, 0.0, -0.016129032258064516, -0.05555555555555555, -0.03125, -0.08695652173913043, -0.04, -0.12121212121212122, -0.06666666666666667, -0.024390243902439025]
this_avg:0
best_avg:0
actions_counter:[   0   12 5678 4513    0    0    0    0    0]
['right', 'left', 'up', 'down', 'bomb', 'detonate-1', 'detonate-2', 'detonate-3', 'noop']