win/draw/lose
total_score:[180, 1, 459]
current_winrate:28.125%
this_score:[1, 0, 9]
avg_per_step:[1.8269997342545838, -0.19039059824094065, -4.86491811064725, -5.4579715472639805, -4.839660558080026, -9.599604533407721, -5.785782141256918, -9.224867672336046, -8.38545006901197, -12.89599061913858]
this_avg:-612
best_avg:295
actions_counter:[752335    599    429   1109    289    864    548    788   1258]
['right', 'left', 'up', 'down', 'bomb', 'detonate-1', 'detonate-2', 'detonate-3', 'noop']