ppo_cnn_4_simple_reward_faster_learning
win/draw/lose
total_score:[32, 0, 58]
current_winrate:35.55555555555556%
this_score:[3, 0, 7]
avg_per_step:[-0.02127659574468085, -0.028169014084507043, -0.04838709677419355, -0.04878048780487805, -0.027522935779816515, -0.046511627906976744, -0.13636363636363635, -0.10526315789473684, -0.05263157894736842, -0.06153846153846154]
this_avg:0
best_avg:0
actions_counter:[7392 9003   30   65    0    0    0    0    0]
['right', 'left', 'up', 'down', 'bomb', 'detonate-1', 'detonate-2', 'detonate-3', 'noop']