a2c_cnn_4_fast_learner_v1
win/draw/lose
total_score:[32, 0, 228]
current_winrate:12.307692307692308%
this_score:[2, 0, 8]
avg_per_step:[-243.90243902439025, -487.8048780487805, -31.798521500545153, -36.68128466922492, -48.895368559380884, -692.3087458128589, -936.2111848372492, -1180.1136238616393, -154.17382119797065, -1496.0946941201032]
this_avg:-6133
best_avg:-2613
actions_counter:[    0     0     0     0 82440     0     0     0     0]
['right', 'left', 'up', 'down', 'bomb', 'detonate-1', 'detonate-2', 'detonate-3', 'noop']