ppo_cnn_3_simple_reward_faster_learning
win/draw/lose
total_score:[24, 0, 46]
current_winrate:34.285714285714285%
this_score:[4, 0, 6]
avg_per_step:[-0.012048192771084338, -0.02040816326530612, -0.02631578947368421, 0.0, -0.007194244604316547, 0.0, -0.0136986301369863, -0.017699115044247787, -0.033707865168539325, -0.05]
this_avg:0
best_avg:0
actions_counter:[6605 6468   32   26    0   32   20   13   22]
['right', 'left', 'up', 'down', 'bomb', 'detonate-1', 'detonate-2', 'detonate-3', 'noop']