a2c_cnn_3_fast_learner_v1
win/draw/lose
total_score:[98, 0, 162]
current_winrate:37.69230769230769%
this_score:[6, 0, 4]
avg_per_step:[-1.0909126972320569, 1.577461017572758, 0.41019304051262634, -0.7753980944452512, -1.719170254370473, 1.8196840403235883, 8.26235403895696, 16.049608980727847, 23.74265804967255, 21.312531822929568]
this_avg:1001
best_avg:1001
actions_counter:[     0      0      0      0      0      0      0      0 379713]
['right', 'left', 'up', 'down', 'bomb', 'detonate-1', 'detonate-2', 'detonate-3', 'noop']